144.999522 -37.680095
0 0
144.9475 -37.8225
144.9475 -37.8200
144.9475 -37.8175
144.9475 -37.8150
144.9475 -37.8125
144.9475 -37.8100
144.9475 -37.8075
144.9475 -37.8050
0 0
144.9500 -37.8225
144.9500 -37.8200
144.9500 -37.8175
144.9500 -37.8150
144.9500 -37.8125
144.9500 -37.8100
144.9500 -37.8075
144.9500 -37.8050
0 0
144.9525 -37.8225
144.9525 -37.8200
144.9525 -37.8175
144.9525 -37.8150
144.9525 -37.8125
144.9525 -37.8100
144.9525 -37.8075
144.9525 -37.8050
0 0
144.9550 -37.8225
144.9550 -37.8200
144.9550 -37.8175
144.9550 -37.8150
144.9550 -37.8125
144.9550 -37.8100
144.9550 -37.8075
144.9550 -37.8050
0 0
144.9575 -37.8225
144.9575 -37.8200
144.9575 -37.8175
144.9575 -37.8150
144.9575 -37.8125
144.9575 -37.8100
144.9575 -37.8075
144.9575 -37.8050
0 0
144.9600 -37.8225
144.9600 -37.8200
144.9600 -37.8175
144.9600 -37.8150
144.9600 -37.8125
144.9600 -37.8100
144.9600 -37.8075
144.9600 -37.8050
0 0
144.9625 -37.8225
144.9625 -37.8200
144.9625 -37.8175
144.9625 -37.8150
144.9625 -37.8125
144.9625 -37.8100
144.9625 -37.8075
144.9625 -37.8050
0 0
144.9650 -37.8225
144.9650 -37.8200
144.9650 -37.8175
144.9650 -37.8150
144.9650 -37.8125
144.9650 -37.8100
144.9650 -37.8075
144.9650 -37.8050